3
4
7
9
11
14
15
19
20
23
25
27
29
31
33
35
38
39
42
43
45
47
49
52
53
55
55
58
61
62
64
66
67
69
71
73
74
75
78
79
81
82
84
85
87
89
89
92
93
95
97
98
99
100
102
103
104
106
107
110
110
111
113
115
115
117
118
119
120
121
123
124
125
126
127
127
130
131
131
133
133
135
136
137
138
139
140
140
142
143
144
146
146
146
148
149
151
151
152
153
154
155
156
157
157
158
159
159
161
162
162
163
164
165
166
167
167
168
169
170
170
171
172
173
174
173
175
175
176
177
177
178
178
179
181
181
181
182
182
183
184
185
185
186
187
187
187
188
189
190
191
191
192
191
191
192
193
193
195
196
196
196
197
197
198
198
199
199
199
199
200
202
202
202
203
203
204
204
204
205
206
206
207
207
208
207
207
207
209
209
210
209
210
210
211
211
212
212
212
212
213
214
214
214
215
215
216
215
215
216
217
217
217
217
218
218
218
219
220
218
220
220
220
221
220
221
221
221
222
222
223
222
223
223
223
224
225
224
224
224
225
226
225
225
226
227
227
226
227
227
228
228
228
229
228
227
229
230
229
229
229
229
230
230
230
230
230
231
231
231
232
231
232
232
232
233
233
233
233
233
233
234
233
234
234
234
234
234
234
235
235
235
236
235
235
235
236
236
236
236
236
236
237
237
236
237
237
237
237
237
237
237
237
238
238
238
238
238
239
239
239
238
239
239
239
240
240
240
240
240
240
241
240
241
241
240
241
240
240
240
241
241
241
241
241
241
241
241
241
241
242
242
243
242
242
242
242
242
242
242
242
243
243
243
243
244
243
243
243
243
243
243
243
244
244
243
244
244
243
244
244
244
245
244
244
245
245
244
245
245
246
246
245
246
243
244
245
246
245
245
245
245
245
245
246
246
246
246
245
247
247
245
246
247
246
246
247
246
246
246
246
246
247
248
247
246
246
247
246
247
246
247
247
248
247
247
247
247
247
248
248
247
247
247
247
248
247
248
248
248
248
248
247
247
248
248
248
248
248
248
248
248
248
248
248
247
248
248
248
248
249
249
249
249
248
249
249
248
248
249
248
248
249
248
249
248
249
250
248
245
243
240
238
236
233
232
229
227
225
222
221
219
217
216
212
210
209
208
205
204
202
201
200
196
195
193
192
190
188
186
184
182
182
179
178
176
174
173
171
169
168
168
165
164
162
161
160
158
156
155
153
153
151
149
149
148
145
145
144
142
141
140
138
137
136
136
134
133
132
130
129
128
127
125
125
122
122
121
120
119
118
116
116
115
114
113
112
111
109
109
107
108
105
105
104
102
103
102
101
99
98
97
97
96
96
94
94
93
92
91
91
90
88
88
88
86
86
84
84
83
83
82
81
81
79
79
78
78
77
76
75
74
73
74
72
72
72
71
70
69
69
68
68
66
66
66
65
65
64
64
64
63
62
62
61
61
60
59
60
58
58
57
56
56
56
55
54
54
54
53
53
53
51
52
51
50
50
50
49
50
48
48
48
48
47
46
46
46
45
44
44
44
43
43
43
41
41
41
40
40
40
39
38
38
37
37
37
36
35
36
35
36
35
34
35
34
34
33
33
33
32
32
31
32
31
31
32
31
30
31
30
29
29
29
29
28
28
27
27
27
28
27
27
26
27
27
26
25
25
24
25
25
25
24
24
24
24
23
24
23
23
22
23
22
22
22
22
22
21
22
20
21
20
20
19
19
19
20
19
20
19
19
19
19
18
18
18
17
18
18
17
17
17
16
16
16
16
16
16
16
16
16
15
16
15
15
15
16
15
15
14
14
14
15
15
14
13
13
14
14
13
13
13
14
12
13
13
13
13
12
12
12
12
12
12
12
12
12
12
11
12
11
11
11
10